
MPY: soft reboot
41.46151
41.3424
41.44568
41.41397
41.46151
41.19839
41.27054
41.18231
41.26254
41.38219
41.39809
41.35036
41.39809
41.48523
41.39014
41.35036
41.41397
41.25453
41.4219
41.25453
41.44568
41.43775
41.26254
41.46151
41.19035
41.46151
41.24652
41.36629
41.31848
41.38219
41.45359
41.35832
41.46942
41.16623
41.20641
41.19035
41.36629
41.35036
41.2385
41.3424
41.35036
41.3424
41.20641
41.3424
41.35832
41.3424
41.35036
41.13401
41.35036
41.15013
41.37424
41.3424
41.35832
41.3424
41.3424
41.3424
41.19035
41.29453
41.16623
41.44568
41.35036
41.48523
41.27853
41.49314
41.38219
41.3105
41.35832
41.28653
41.35036
41.42982
41.31848
41.26254
41.3105
41.4219
41.27853
41.3424
41.41397
41.3424
41.3105
41.44568
41.3424
41.4219
41.28653
41.50103
41.26254
41.42982
41.46151
41.25453
41.4219
41.3424
41.3424
41.42982
41.46151
41.38219
41.25453
41.29453
41.26254
41.35036
41.20641
41.46151
41.50893
41.26254
41.27054
41.3424
41.28653
41.42982
41.49314
41.39014
41.28653
41.44568
41.28653
41.47733
41.27054
41.27853
41.44568
41.3424
41.51681
41.4219
41.39014
41.31848
41.32646
41.4219
41.39809
41.42982
41.28653
41.46942
41.46151
41.39809
41.50893
41.20641
41.25453
41.46151
41.46151
41.39014
41.27054
41.41397
41.50893
41.35036
41.35036
41.19839
41.39809
41.32646
41.3424
41.15818
41.16623
41.25453
41.35036
41.3424
41.35036
41.26254
41.27054
41.35832
41.35036
41.15818
41.20641
41.31848
41.19035
41.35832
41.15818
41.27054
41.3424
41.27054
41.39014
41.33443
41.12594
41.3424
41.16623
41.3424
41.39809
41.33443
41.10981
41.18231
41.13401
41.39809
41.31848
41.13401
41.3424
41.16623
41.20641
41.41397
41.38219
41.26254
41.39809
41.44568
41.27853
41.42982
41.46942
41.46151
41.3424
41.3424
41.46151
41.50103
41.43775
41.32646
41.46151
41.3424
41.50893
41.39014
41.59552
41.41397
41.26254
41.27054
41.2385
41.25453
41.39809
41.42982
41.43775
41.44568
41.26254
41.26254
41.29453
41.42982
41.44568
41.46151
41.30251
41.32646
41.30251
41.29453
41.46151
41.50893
41.3424
41.50103
41.3424
41.48523
41.43775
41.46151
41.40602
41.42982
41.27853
41.50893
41.39809
41.43775
41.4219
41.33443
41.35832
41.39809
41.36629
41.39014
41.41397
41.35832
41.27853
41.37424
41.4219
41.32646
41.3105
41.10981
41.32646
41.3424
41.33443
41.17427
41.3424
41.18231
41.35832
41.27054
41.28653
41.39809
Traceback (most recent call last):
  File "main.py", line 11, in <module>
KeyboardInterrupt: 
MicroPython v1.17 on 2021-09-02; ESP32 module with ESP32
Type "help()" for more information.
>>> 